0 0 0 
0 0 0 0 
0 0 0 0 0 
0 0 0 0 0 0 
0 0 0 0 0 0 0 
0 0 0 0 0 0 0 0 
0 0 0 0 0 0 0 0 0 
0 0 0 0 0 0 0 0 0 0 
0 0 0 4.36931e-07 0 0 0 0 0 0 2.92777e-10 
0 0 0 7.67121e-14 0 0 0 4.10025e-23 0 0 6.61155e-05 1.12794e-12 
0 0 6.0316e-06 0 0 0 2.05254e-23 0 0 3.2388e-10 4.70084e-05 0 
0 0 3.31843e-16 0 0 0 3.55846e-23 0 0 2.2865e-10 6.02236e-08 0 
0 0 1.88881e-08 0 0 0 2.89752e-21 0 0 3.19788e-09 2.51017e-07 0 
0 0 1.0437e-15 0 0 0 2.01206e-28 0 0 3.91085e-06 1.36491e-07 0 
0 0 1.02719e-13 0 0 0 3.37e-32 0 0 1.40099e-12 1.30676e-08 0 
0 0 0 
0 0 0 0 
0 0 0 0 0 
0 0 0 0 0 0 
0 0 0 0 0 0 0 
0 0 0 0 0 0 0 0 
0 0 0 0 0 0 0 0 0 
0 0 0 0 7.65554e-15 0 0 0 0 2.65481e-10 
0 0 3.65969e-08 4.66241e-36 0 0 0 0 7.76368e-14 3.27399e-07 0 0 
0 0 0 2.8047e-34 0 0 0 0 2.78506e-14 0 0 
0 0 0 1.96362e-27 0 0 0 0 1.16944e-06 0 0 
0 0 1.52261e-17 0 0 0 0 0 0 3.9252e-07 0 
0 0 0 
0 0 0 0 
0 0 0 0 0 
0 0 0 0 0 0 
0 0 0 0 0 0 0 
0 0 0 0 0 0 0 0 
0 0 0 0 0 0 0 0 0 
0 0 0 0 0 0 0 0 0 0 
0 0 0 0 485.717 0 0 0 0 0 1.41371e-11 
0 0 0 0 0 0 0 0 0 1.18881e-07 5.92764e-25 
0 0 0 0 0 0 0 0 0 8.3753e-07 5.52703e-25 
0 0 0 
0 0 0 0 
0 0 0 0 0 
0.173944 0 0 0.033789 0 0 
1.12244e-06 0 0 0.20139 0 0 0 
0.00130258 0 0 1.50905e-10 0 0 0 0 
0.104068 0 0 3.63117e-10 0 0 0 0 0 
1.70272e-07 0 0 4.33968e-05 0 0 0 0 0 0 
2.40863e-13 0 0 5.21093e-05 0 0 0 0 0 0 0 
5.83881e-08 0 3.88248e-37 3.7913e-06 0 0 0 0 0 0 0 3.04304e-10 
1.24331e-12 0 1.5844e-28 0 0 0 0 0 0 0 0.000448308 1.77049e-10 
9.53997e-05 0 1.99128e-30 0 0 0 0 0 0 0 1.76145e-07 3.20666e-13 
0 2.12286e-35 0 0 0 0 0 0 0 3.62223e-13 0 
0 0 0 
0 0 0 0 
0 0 0 0 0 
0 0 0 0 0 0 
0 0 0 0 0 0 0 
0 0 0 0 0 0 0 0 
0 0 0 0 0 0 0 0 0 
0 0 0 0 0 0 0 0 0 0 
0 0 0 0 2.79998e-18 0 0 0 0 0 1.16529e-07 
0 0 0 3.54054e-15 1.92199e-16 0 0 0 0 0 1.12025e-06 1.82212e-06 
0 0 0 4.16602e-22 0 0 0 0 0 1.02558e-10 1.9472e-08 2.92362e-09 
0 0 0 2.63802e-29 0 0 0 0 0 1.04396e-12 0 
0 0 0 
0 0 0 0 
0 0 0 0 0 
0 0 0 0 0 0 
0 0 0 0 0 0 0 
0 0 0 0 0 0 0 0 
0 0 0 0 0 0 0 0 0 
9.42255e-13 0 0 0 0 0 0 0 0 7.7852e-17 
9.12723e-12 0 0 0 0 3.34253e-08 0 0 0 2.8026e-16 5.28589e-05 
0 0 0 
0 0 0 0 
0 0 0 0 0 
0 0 0 0 0 0 
0 0 0 0 0 0 0 
0 0 0 0 0 0 0 0 
0 0 0 0 0 0 0 0 0 
0.0032168 0 0 0 0 0 0 0 0 0.00432959 
2.88744e-05 0 0 0 0 0 0 0 0 0.00163913 
0.0251685 0 0 0 0 0 0 0 0 0.00185824 
0 0 0 0 0 0 0 0 0.0100699 0.000175075 
0 0 0 0 0 0 0 0 0.00503763 0.00121545 
0 0 0 0 0 0 0 0 6.14756e-06 4.22931e-05 
0 0 0 0 0 0 0 0 0.0276253 0.00533639 
0 0 0 0 0 0 0 0 0.00583923 0.000221566 
0 0 0 0 0 0 0 0 0.00135652 0.000997767 
0 0 0 
0 0 0 0 0 
0 0 0 0 0 0 
0 0 0 0 0 0 0 
0 0 0 0 0 0 0 0 
0 0 0 0 0 0 0 0 0 
0 0 0 0 0 0 0 0 0 0 
0 0 0 0 1.14511e-17 0 0 0 0 0 8.68577e-09 
0 1.61157e-09 0 0 5.01981e-16 0 0 0 0 0 1.06813e-08 1.91523e-17 
0 0 0 0 0 0 0 0 2.14098e-07 1.17727e-08 6.39667e-15 6.51347e-11 
0 0 0 0 0 0 0 0 2.43708e-10 4.64472e-19 1.63456e-09 7.02866e-15 
0 0 0 0 0 0 0 0 2.87309e-19 8.74382e-08 1.39491e-08 1.49785e-08 
0 0 0 0 0 0 0 0 1.88948e-11 2.1445e-07 8.14104e-09 1.36944e-15 
0 0 0 0 0 0 0 0 6.29516e-13 5.31878e-07 2.21814e-15 2.41733e-19 
0 0 0 0 0 0 0 0 1.01591e-15 4.22566e-20 3.46047e-08 9.85905e-09 
0 0 0 
0 0 0 0 
0 0 0 0 0 
0 0 0 0 0 0 
0 0 0 0 0 0 0 
0 0 0 0 0 0 0 0 
0 0 0 0 0 0 0 0 0 
0 0 0 0 0 0 0 0 0 0 
0 0 0 0 0 0 0 0 0 0 0 
0 0 0 0 0 0 0 0 0 0 0 
0 0 0 0 0 0 0 0 0 0 0 
0 0 0 0 0 0 0 0 0 0 0 
0 0 0 0 0 0 0 0 0 0 0 
0 0 0 0 0 0 0 0 0 0 0 
0 0 0 0 0 0 0 0 0 0 0 
0 0 0 0 0 0 0 0 0 0 0 
0 0 0 0 0 0 0 0 0 0 0 
0 0 0 
0 0 0 0 
0 0 0 0 0 
0 0 0 0 0 0 
0 0 0 0 0 0 0 
0 0 0 0 0 0 0 0 
0 0 0 0 0 0 0 0 0 
0 0 0 0 0 0 0 0 0 0 
0 0 0 0 2.97066e-15 0 0 0 0 0 1.05243e-12 
0 0 5.96815e-10 0 4.49748e-31 0 0 0 0 0 1.28373e-11 3.62305e-09 
0 0 1.76623e-13 0 2.19556e-15 0 0 0 0 0 2.14598e-08 1.803e-09 
0 0 7.72103e-10 0 4.29651e-17 0 0 0 0 0 5.09641e-09 1.94764e-09 
0 0 0 4.63939e-16 0 0 0 0 0 0 6.95754e-07 
0 0 0 4.27398e-16 0 0 0 0 0 4.51941e-14 6.72001e-09 9.3035e-09 
0 0 0 1.40657e-19 0 0 0 0 0 9.58748e-10 4.42294e-11 1.12077e-10 
1.07098e-05 0 0.000301523 
1.74741e-05 0 8.78183e-09 0 
1.54508 0 4.57416e-08 0 0 
0 0 0 0 0 
0 0 0 0 0 0 
0 0 0 0 0 0 0 
0 0 0 0 0 0 0 0 
0 0 0 0 0 0 0 0 0 
0 8.0702e-16 0 0 0 0 0 0 0 5.35921e-08 
0 1.16023e-14 2.25586e-18 0 0 0 0 0 0 3.85459e-08 0.00691263 
0 1.24964e-14 0 0 0 0 0 0 0 1.15227e-08 
0 1.188e-06 0 0 0 0 0 0 0 6.77444e-08 
0 1.92158e-17 0 0 0 0 0 0 0 1.77972e-07 
0 2.75747e-13 0 0 0 0 0 0 0 1.0752e-14 
0 3.72806e-13 0 0 0 0 0 0 0 1.31312e-05 
0 3.73043e-13 0 0 0 0 0 0 0 1.64723e-09 
0 6.56023e-14 0 0 0 0 0 0 0 6.77362e-11 
0 0 0 
0 0 0 0 
0 0 0 0 0 
0 0 0 0 0 0 
0 0 0 0 0 0 0 
0 0 0 0 0 0 0 0 
0 0 0 0 0 0 0 0 0 
0 0 0 0 0 0 0 0 0 0 
0 0 0 0 1.93236e-17 0 0 0 0 0 2.814e-08 
0 0 4.1328e-12 0 1.41951e-15 0 0 0 0 0 5.16939e-08 2.09497e-05 
0 0 2.79666e-14 0 8.07339e-29 0 0 0 0 0 1.83777e-08 6.68846e-05 
0 0 5.6611e-18 0 1.46213e-16 0 0 0 0 0 2.76446e-15 1.21254e-13 
0 0 0 3.93021e-31 0 0 0 0 0 3.12855e-09 4.74498e-10 6.87929e-14 
0 0 0 6.6135e-26 0 0 0 0 0 1.00247e-08 6.14547e-14 1.8388e-06 
0 0 0 
0 0 0 0 
0 0 0 0 0 
0 0 0 0 0 0 
0 0 0 0 0 0 0 
0 0 0 0 0 0 0 0 
0 0 0 0 0 0 0 0 0 
0 0 0 0 0 0 0 0 0 0 
0 0 0 0 0 2.47778e-24 0 0 0 0 5.67662e-11 
0 1.72267e-09 0 0 0 4.76033e-25 0 0 0 0 9.82646e-12 3.3398e-08 
0 1.83706e-08 0 0 0 1.18069e-29 0 0 0 0 9.62995e-16 7.78226e-13 
0 0 0 0 3.07588e-29 0 0 0 0 1.13285e-08 5.317e-05 5.90825e-08 
0 0 0 0 1.46786e-21 0 0 0 0 1.72611e-09 9.0438e-07 3.6301e-05 
0 0 0 
0 0 0 0 
0 0 0 0 0 
0 0 0 0 0 0 
0 0 0 0 0 0 0 
0 0 0 0 0 0 0 0 
0 0 0 0 0 0 0 0 0 
0 0 0 5.8753e-19 0 0 0 6.32399e-12 0 0.0170539 6.5393e-08 
0 0 0 6.56044e-21 0 4.06132e-06 0 0.0207775 0 0.0424158 9.29281e-08 0.000646569 
0 0 3.69943e-18 0 5.55269e-06 0 0.000979445 0 0.59194 1.01146e-16 2.00132e-06 0 
0 0 8.18151e-19 0 3.88371e-06 0 0 0 1.21615e-14 1.33634e-05 0 
0 0 5.06558e-12 0 5.58517e-05 0 0 0 2.56363e-14 0.000395398 0.000281707 3.26962e-13 
0 0 3.77967e-10 0 0 0 0 3.26566e-14 8.3814e-21 0 0.00112206 
0 0 6.67489e-11 0 0 0 5.50703e-05 3.01454e-09 9.12629e-05 3.97226e-05 0.00531596 0 
0 0 0 
0 0 0 0 
0 0 0 0 0 
0 0 0 0 0 0 
0 0 0 0 0 0 0 
0 0 0 0 0 0 0 0 
0 0 0 0 0 0 0 0 0 
0 0 0 0 0 0 0 0 0 0 
0 2.73399e-17 0 0 0 0 0 0 0 0 7.40054e-16 
0 6.58463e-18 0 0 4.53316e-14 0 0 0 0 0 5.60495e-06 7.4659e-09 
0 2.07252e-13 0 0 1.10666e-07 0 0 0 0 0 4.8093e-05 4.67281e-06 
0 0 0 0 0 0 0 0 9.5679e-21 2.30916e-07 1.09243e-10 3.47911e-07 
